POLICYNUMBER
3050200892
3050201338
3050201460
3050200868
3050201072
3050200751
3050200991
3050200652
3050200728
3050200876
3050200801
3050200777
3050200678
3050200785
3050200975
3050200942
3050200967
3050201064
3050200884
3050200702
3050201205
3050201031
3050200645
3050200769
3050200660
3050200827
3050200934
3050201049
3050200710
3050200959
3050201015
3050200843
3050201007
3050200900
3050201551
3050201288
3050201098
3050200850
3050200918
3050200983
3050201395
3050201270
3050200744
3050201023
3050201114
3050200694
3050200835
3050200819
3050200926
3050200173
3050200322
3050200579
3050200314
3050200470
3050200272
3050200538
3050200231
3050200207
3050200215
3050200181
3050200389
3050200462
3050200264
3050200595
3050200421
3050200553
3050200496
3050200348
3050200405
3050200587
3050200439
3050200397
3050200298
3050200355
3050200165
3050200736
3050200504
3050200330
3050200454
3050200611
3050200603
3050200413
3050200629
3050200793
3050200199
3050200306
3050200363
3050200157
3050200561
3050200223
3050200256
3050200546
3050200280
3050200447
3050200520
3050200488
3050200249
3050201056
3050200371
3050200512
3050201833
3050201718
3050201296
3050201221
3050201437
3050202013
3050201767
3050201130
3050202047
3050200686
3050201866
3050200637
3050201189
3050201882
3050201783
3050201106
3050201486
3050201197
3050201684
3050201825
3050201494
3050201080
3050201957
3050201163
3050201858
3050201353
3050201247
3050202088
3050201387
3050201445
3050201304
3050202054
3050202062
3050201759
3050201528
3050201171
3050202112
3050202005
3050201916
3050201635
3050202096
3050201585
3050201379
3050202039
3050201262
3050201700
3050201452
3050201940
3050201775
3050201676
3050201403
3050201346
3050201965
3050201890
3050201742
3050201627
3050202138
3050202146
3050201692
3050202021
3050201999
3050201650
3050201122
3050201478
3050201908
3050201734
3050201643
3050201320
3050201213
3050201619
3050201932
3050201973
3050201981
3050201544
3050201429
3050201601
3050201874
3050201155
3050201593
3050201817
3050201411
3050201577
3050202104
3050201924
3050201841
3050202120
3050201809
3050201254
3050201668
3050201510
3050201361
3050201312
3050201502
3050201148
3050201536
3050201726
3050201569
3050202070
3050201239
3050201791
